 		0	1	2	3	

1		2	3	4	5	
2		4	6	7	
3		8	10	
4		145	
 		0	1	2	3	4	5	6	7	

1		2	3	4	5	6	7	8	9	
2		4	5	6	7	8	9	10	
3		6	8	9	10	11	12	
4		9	11	12	13	15	
5		13	14	16	18	
6		18	20	22	
7		25	28	
8		170	
 		0	1	2	3	4	5	6	7	8	9	10	11	12	13	14	15	

1		2	3	4	5	6	7	8	9	10	11	12	13	14	15	16	17	
2		4	5	6	7	8	9	10	11	12	13	14	15	16	17	18	
3		6	7	8	9	10	11	12	13	14	16	17	18	19	20	
4		8	9	10	11	13	14	15	16	17	18	19	20	22	
5		11	12	13	14	15	16	18	19	20	21	22	23	
6		13	15	16	17	18	19	21	22	23	24	25	
7		16	17	19	20	21	23	24	25	26	28	
8		19	21	22	23	25	26	27	29	30	
9		23	24	26	27	29	30	31	33	
10		27	28	30	31	33	34	36	
11		31	33	35	36	38	40	
12		36	38	40	42	44	
13		43	45	48	50	
14		52	55	58	
15		66	71	
16		170	
 		0	1	2	3	4	5	6	7	8	9	10	11	12	13	14	15	16	17	18	19	20	21	22	23	24	25	26	27	28	29	30	31	

1		2	3	4	5	6	7	8	9	10	11	12	13	14	15	16	17	18	19	20	21	22	23	24	25	26	27	28	29	30	31	32	33	
2		4	5	6	7	8	9	10	11	12	13	14	15	16	17	18	19	20	21	22	23	24	25	26	27	28	29	30	31	32	33	34	
3		6	7	8	9	10	11	12	13	14	15	16	17	18	19	20	21	22	23	24	25	26	27	28	29	30	32	33	34	35	36	
4		8	9	10	11	12	13	14	15	16	17	18	19	20	21	22	23	25	26	27	28	29	30	31	32	33	34	35	36	37	
5		10	11	12	13	14	15	16	17	18	20	21	22	23	24	25	26	27	28	29	30	31	32	33	35	36	37	38	39	
6		12	13	14	16	17	18	19	20	21	22	23	24	25	26	27	28	30	31	32	33	34	35	36	37	38	39	40	
7		15	16	17	18	19	20	21	22	23	24	26	27	28	29	30	31	32	33	34	35	37	38	39	40	41	42	
8		17	18	19	20	21	23	24	25	26	27	28	29	30	31	33	34	35	36	37	38	39	41	42	43	44	
9		19	21	22	23	24	25	26	27	29	30	31	32	33	34	35	37	38	39	40	41	42	43	45	46	
10		22	23	24	25	27	28	29	30	31	32	34	35	36	37	38	39	41	42	43	44	45	46	48	
11		25	26	27	28	29	31	32	33	34	35	36	38	39	40	41	42	44	45	46	47	48	50	
12		27	29	30	31	32	33	35	36	37	38	39	41	42	43	44	46	47	48	49	51	52	
13		30	31	33	34	35	36	38	39	40	41	43	44	45	46	48	49	50	51	53	54	
14		33	34	36	37	38	39	41	42	43	45	46	47	48	50	51	52	54	55	56	
15		36	38	39	40	41	43	44	45	47	48	49	51	52	53	55	56	57	59	
16		39	41	42	43	45	46	47	49	50	52	53	54	56	57	58	60	61	
17		43	44	46	47	48	50	51	52	54	55	57	58	60	61	62	64	
18		46	48	49	51	52	54	55	56	58	59	61	62	64	65	67	
19		50	52	53	55	56	58	59	61	62	64	65	67	68	70	
20		54	56	57	59	60	62	63	65	67	68	70	71	73	
21		59	60	62	63	65	67	68	70	72	73	75	77	
22		63	65	67	68	70	72	73	75	77	79	81	
23		68	70	72	74	75	77	79	81	83	85	
24		74	76	78	80	82	83	85	88	90	
25		80	82	84	86	88	91	93	95	
26		87	89	92	94	96	99	101	
27		95	98	100	103	105	108	
28		105	108	111	114	117	
29		117	121	124	128	
30		134	139	143	
31		161	169	
32		170	
 		0	1	2	3	4	5	6	7	8	9	10	11	12	13	14	15	16	17	18	19	20	21	22	23	24	25	26	27	28	29	30	31	32	33	34	35	36	37	38	39	40	41	42	43	44	45	46	47	48	49	50	51	52	53	54	55	56	57	58	59	60	61	62	63	

1		2	3	4	5	6	7	8	9	10	11	12	13	14	15	16	17	18	19	20	21	22	23	24	25	26	27	28	29	30	31	32	33	34	35	36	37	38	39	40	41	42	43	44	45	46	47	48	49	50	51	52	53	54	55	56	57	58	59	60	61	62	63	64	65	
2		4	5	6	7	8	9	10	11	12	13	14	15	16	17	18	19	20	21	22	23	24	25	26	27	28	29	30	31	32	33	34	35	36	37	38	39	40	41	42	43	44	45	46	47	48	49	50	51	52	53	54	55	56	57	58	59	60	61	62	63	64	65	66	
3		6	7	8	9	10	11	12	13	14	15	16	17	18	19	20	21	22	23	24	25	26	27	28	29	30	31	32	33	34	35	36	37	38	39	40	41	42	43	44	45	46	47	48	49	50	51	52	53	54	55	56	57	58	59	60	61	62	64	65	66	67	68	
4		8	9	10	11	12	13	14	15	16	17	18	19	20	21	22	23	24	25	26	27	28	29	30	31	32	33	34	35	36	37	38	39	40	41	42	43	44	45	46	47	49	50	51	52	53	54	55	56	57	58	59	60	61	62	63	64	65	66	67	68	69	
5		10	11	12	13	14	15	16	17	18	19	20	21	22	23	24	25	26	27	28	29	30	31	32	33	34	35	36	37	39	40	41	42	43	44	45	46	47	48	49	50	51	52	53	54	55	56	57	58	59	60	61	62	63	64	65	66	67	68	70	71	
6		12	13	14	15	16	17	18	19	20	21	22	23	24	25	26	27	28	29	30	32	33	34	35	36	37	38	39	40	41	42	43	44	45	46	47	48	49	50	51	52	53	54	55	56	57	58	60	61	62	63	64	65	66	67	68	69	70	71	72	
7		14	15	16	17	18	19	20	21	22	23	24	25	26	28	29	30	31	32	33	34	35	36	37	38	39	40	41	42	43	44	45	46	47	48	49	50	52	53	54	55	56	57	58	59	60	61	62	63	64	65	66	67	68	69	70	71	73	74	
8		16	17	18	19	20	21	22	23	25	26	27	28	29	30	31	32	33	34	35	36	37	38	39	40	41	42	43	44	46	47	48	49	50	51	52	53	54	55	56	57	58	59	60	61	62	63	65	66	67	68	69	70	71	72	73	74	75	
9		18	19	20	22	23	24	25	26	27	28	29	30	31	32	33	34	35	36	37	38	39	41	42	43	44	45	46	47	48	49	50	51	52	53	54	55	56	58	59	60	61	62	63	64	65	66	67	68	69	70	71	72	74	75	76	77	
10		21	22	23	24	25	26	27	28	29	30	31	32	33	34	35	37	38	39	40	41	42	43	44	45	46	47	48	49	50	51	53	54	55	56	57	58	59	60	61	62	63	64	65	66	68	69	70	71	72	73	74	75	76	77	78	
11		23	24	25	26	27	28	29	30	31	32	34	35	36	37	38	39	40	41	42	43	44	45	46	47	49	50	51	52	53	54	55	56	57	58	59	60	62	63	64	65	66	67	68	69	70	71	72	73	75	76	77	78	79	80	
12		25	26	27	28	29	31	32	33	34	35	36	37	38	39	40	41	42	43	45	46	47	48	49	50	51	52	53	54	55	56	58	59	60	61	62	63	64	65	66	67	68	70	71	72	73	74	75	76	77	78	79	81	82	
13		27	29	30	31	32	33	34	35	36	37	38	39	40	42	43	44	45	46	47	48	49	50	51	52	54	55	56	57	58	59	60	61	62	63	65	66	67	68	69	70	71	72	73	74	76	77	78	79	80	81	82	83	
14		30	31	32	33	34	35	36	37	39	40	41	42	43	44	45	46	47	48	50	51	52	53	54	55	56	57	58	59	61	62	63	64	65	66	67	68	69	71	72	73	74	75	76	77	78	79	81	82	83	84	85	
15		32	33	34	35	37	38	39	40	41	42	43	44	45	47	48	49	50	51	52	53	54	55	57	58	59	60	61	62	63	64	65	67	68	69	70	71	72	73	74	76	77	78	79	80	81	82	83	85	86	87	
16		35	36	37	38	39	40	41	42	43	45	46	47	48	49	50	51	52	54	55	56	57	58	59	60	61	63	64	65	66	67	68	69	70	72	73	74	75	76	77	78	79	81	82	83	84	85	86	87	89	
17		37	38	39	40	42	43	44	45	46	47	48	49	51	52	53	54	55	56	57	58	60	61	62	63	64	65	66	68	69	70	71	72	73	74	75	77	78	79	80	81	82	84	85	86	87	88	89	90	
18		40	41	42	43	44	45	46	47	49	50	51	52	53	54	55	57	58	59	60	61	62	63	65	66	67	68	69	70	71	73	74	75	76	77	78	80	81	82	83	84	85	86	88	89	90	91	92	
19		42	43	44	46	47	48	49	50	51	52	54	55	56	57	58	59	60	62	63	64	65	66	67	68	70	71	72	73	74	75	77	78	79	80	81	82	84	85	86	87	88	89	91	92	93	94	
20		45	46	47	48	49	50	52	53	54	55	56	57	59	60	61	62	63	64	65	67	68	69	70	71	72	74	75	76	77	78	80	81	82	83	84	85	87	88	89	90	91	93	94	95	96	
21		47	48	50	51	52	53	54	55	57	58	59	60	61	62	64	65	66	67	68	69	71	72	73	74	75	77	78	79	80	81	83	84	85	86	87	88	90	91	92	93	94	96	97	98	
22		50	51	52	53	55	56	57	58	59	61	62	63	64	65	66	68	69	70	71	72	74	75	76	77	78	80	81	82	83	84	86	87	88	89	90	92	93	94	95	96	98	99	100	
23		53	54	55	56	57	59	60	61	62	63	65	66	67	68	69	71	72	73	74	75	77	78	79	80	81	83	84	85	86	87	89	90	91	92	94	95	96	97	98	100	101	102	
24		55	57	58	59	60	61	63	64	65	66	67	69	70	71	72	73	75	76	77	78	80	81	82	83	84	86	87	88	89	91	92	93	94	96	97	98	99	101	102	103	104	
25		58	59	61	62	63	64	66	67	68	69	70	72	73	74	75	77	78	79	80	81	83	84	85	86	88	89	90	91	93	94	95	96	98	99	100	101	103	104	105	106	
26		61	62	64	65	66	67	68	70	71	72	73	75	76	77	78	80	81	82	83	85	86	87	88	90	91	92	93	95	96	97	98	100	101	102	104	105	106	107	109	
27		64	65	67	68	69	70	71	73	74	75	76	78	79	80	82	83	84	85	87	88	89	90	92	93	94	95	97	98	99	101	102	103	104	106	107	108	110	111	
28		67	68	70	71	72	73	75	76	77	78	80	81	82	83	85	86	87	89	90	91	92	94	95	96	98	99	100	101	103	104	105	107	108	109	111	112	113	
29		70	71	73	74	75	76	78	79	80	82	83	84	85	87	88	89	91	92	93	94	96	97	98	100	101	102	104	105	106	108	109	110	112	113	114	116	
30		73	75	76	77	78	80	81	82	84	85	86	87	89	90	91	93	94	95	97	98	99	101	102	103	105	106	107	109	110	111	113	114	115	117	118	
31		76	78	79	80	82	83	84	86	87	88	90	91	92	94	95	96	98	99	100	102	103	104	106	107	108	110	111	112	114	115	116	118	119	121	
32		80	81	82	84	85	86	88	89	90	92	93	94	96	97	98	100	101	102	104	105	107	108	109	111	112	113	115	116	118	119	120	122	123	
33		83	84	86	87	88	90	91	92	94	95	97	98	99	101	102	103	105	106	108	109	110	112	113	115	116	117	119	120	122	123	124	126	
34		86	88	89	91	92	93	95	96	97	99	100	102	103	104	106	107	109	110	111	113	114	116	117	119	120	121	123	124	126	127	129	
35		70	71	72	73	74	75	76	100	101	103	104	105	107	108	110	111	113	114	115	117	118	120	121	123	124	126	127	128	130	131	
36		94	95	96	98	99	101	102	104	105	106	108	109	111	112	114	115	117	118	119	121	122	124	125	127	128	130	131	133	134	
37		75	76	77	78	79	80	81	82	83	84	112	113	115	116	118	119	121	122	124	125	127	128	130	131	133	134	136	137	
38		101	103	104	106	107	109	110	112	113	115	116	118	119	121	122	124	125	127	128	130	131	133	134	136	137	139	141	
39		79	80	81	82	83	113	114	116	117	119	120	122	123	125	126	128	130	131	133	134	136	137	139	141	142	144	
40		80	81	82	83	84	85	86	87	88	89	125	126	128	129	131	133	134	136	137	139	141	142	144	146	147	
41		114	115	117	118	120	121	123	125	126	128	129	131	133	134	136	137	139	141	142	144	146	147	149	151	
42		84	85	86	87	88	89	90	91	92	93	94	95	96	97	141	142	144	146	147	149	151	153	154	
43		123	124	126	127	129	131	132	134	136	137	139	141	142	144	146	148	149	151	153	155	156	158	
44		88	89	90	91	92	93	94	95	96	97	98	99	100	101	151	153	155	157	158	160	162	
45		132	134	136	137	139	141	143	144	146	148	150	152	153	155	157	159	161	163	164	166	
46		93	94	95	96	97	98	99	100	101	102	103	157	159	161	163	165	167	169	170	
47		95	96	97	98	99	100	154	156	158	160	162	164	165	167	169	170	-1	74	
48		149	150	152	154	156	158	160	162	164	166	168	170	-1	95	96	97	98	
49		98	99	100	101	102	103	104	105	106	107	170	-1	98	99	100	101	
50		161	163	165	167	169	170	-1	93	94	95	96	97	98	99	100	
51		102	103	104	105	106	107	108	109	110	111	112	170	-1	94	
52		170	-1	77	81	85	170	-1	170	-1	170	-1	83	85	
53		106	107	108	109	110	111	112	113	114	115	116	117	
54		170	-1	170	-1	170	-1	170	-1	170	-1	80	
55		110	111	112	113	114	115	116	117	118	119	
56		170	-1	170	-1	170	-1	170	-1	170	
57		114	115	116	117	118	119	120	121	
58		120	121	122	123	124	126	127	
59		170	-1	85	87	88	89	
60		120	121	122	123	124	
61		170	-1	75	76	
62		124	125	126	
63		151	152	
64		128	
