
2 3 4 5
4 6 7
8 10
145

2 3 4 5 6 7 8 9
4 5 6 7 8 9 10
6 8 9 10 11 12
9 11 12 13 15
13 14 16 18
18 20 22
25 28
170

2 3 4 5 6 7 8 9 10 11 12 13 14 15 16 17
4 5 6 7 8 9 10 11 12 13 14 15 16 17 18
6 7 8 9 10 11 12 13 14 16 17 18 19 20
8 9 10 11 13 14 15 16 17 18 19 20 22
11 12 13 14 15 16 18 19 20 21 22 23
13 15 16 17 18 19 21 22 23 24 25
16 17 19 20 21 23 24 25 26 28
19 21 22 23 25 26 27 29 30
23 24 26 27 29 30 31 33
27 28 30 31 33 34 36
31 33 35 36 38 40
36 38 40 42 44
43 45 48 50
52 55 58
66 71
170

2 3 4 5 6 7 8 9 10 11 12 13 14 15 16 17 18 19 20 21 22 23 24 25 26 27 28 29 30 31 32 33
4 5 6 7 8 9 10 11 12 13 14 15 16 17 18 19 20 21 22 23 24 25 26 27 28 29 30 31 32 33 34
6 7 8 9 10 11 12 13 14 15 16 17 18 19 20 21 22 23 24 25 26 27 28 29 30 32 33 34 35 36
8 9 10 11 12 13 14 15 16 17 18 19 20 21 22 23 25 26 27 28 29 30 31 32 33 34 35 36 37
10 11 12 13 14 15 16 17 18 20 21 22 23 24 25 26 27 28 29 30 31 32 33 35 36 37 38 39
12 13 14 16 17 18 19 20 21 22 23 24 25 26 27 28 30 31 32 33 34 35 36 37 38 39 40
15 16 17 18 19 20 21 22 23 24 26 27 28 29 30 31 32 33 34 35 37 38 39 40 41 42
17 18 19 20 21 23 24 25 26 27 28 29 30 31 33 34 35 36 37 38 39 41 42 43 44
19 21 22 23 24 25 26 27 29 30 31 32 33 34 35 37 38 39 40 41 42 43 45 46
22 23 24 25 27 28 29 30 31 32 34 35 36 37 38 39 41 42 43 44 45 46 48
25 26 27 28 29 31 32 33 34 35 36 38 39 40 41 42 44 45 46 47 48 50
27 29 30 31 32 33 35 36 37 38 39 41 42 43 44 46 47 48 49 51 52
30 31 33 34 35 36 38 39 40 41 43 44 45 46 48 49 50 51 53 54
33 34 36 37 38 39 41 42 43 45 46 47 48 50 51 52 54 55 56
36 38 39 40 41 43 44 45 47 48 49 51 52 53 55 56 57 59
39 41 42 43 45 46 47 49 50 52 53 54 56 57 58 60 61
43 44 46 47 48 50 51 52 54 55 57 58 60 61 62 64
46 48 49 51 52 54 55 56 58 59 61 62 64 65 67
50 52 53 55 56 58 59 61 62 64 65 67 68 70
54 56 57 59 60 62 63 65 67 68 70 71 73
59 60 62 63 65 67 68 70 72 73 75 77
63 65 67 68 70 72 73 75 77 79 81
68 70 72 74 75 77 79 81 83 85
74 76 78 80 82 83 85 88 90
80 82 84 86 88 91 93 95
87 89 92 94 96 99 101
95 98 100 103 105 108
105 108 111 114 117
117 121 124 128
134 139 143
161 169
170

2 3 4 5 6 7 8 9 10 11 12 13 14 15 16 17 18 19 20 21 22 23 24 25 26 27 28 29 30 31 32 33 34 35 36 37 38 39 40 41 42 43 44 45 46 47 48 49 50 51 52 53 54 55 56 57 58 59 60 61 62 63 64 65
4 5 6 7 8 9 10 11 12 13 14 15 16 17 18 19 20 21 22 23 24 25 26 27 28 29 30 31 32 33 34 35 36 37 38 39 40 41 42 43 44 45 46 47 48 49 50 51 52 53 54 55 56 57 58 59 60 61 62 63 64 65 66
6 7 8 9 10 11 12 13 14 15 16 17 18 19 20 21 22 23 24 25 26 27 28 29 30 31 32 33 34 35 36 37 38 39 40 41 42 43 44 45 46 47 48 49 50 51 52 53 54 55 56 57 58 59 60 61 62 64 65 66 67 68
8 9 10 11 12 13 14 15 16 17 18 19 20 21 22 23 24 25 26 27 28 29 30 31 32 33 34 35 36 37 38 39 40 41 42 43 44 45 46 47 49 50 51 52 53 54 55 56 57 58 59 60 61 62 63 64 65 66 67 68 69
10 11 12 13 14 15 16 17 18 19 20 21 22 23 24 25 26 27 28 29 30 31 32 33 34 35 36 37 39 40 41 42 43 44 45 46 47 48 49 50 51 52 53 54 55 56 57 58 59 60 61 62 63 64 65 66 67 68 70 71
12 13 14 15 16 17 18 19 20 21 22 23 24 25 26 27 28 29 30 32 33 34 35 36 37 38 39 40 41 42 43 44 45 46 47 48 49 50 51 52 53 54 55 56 57 58 60 61 62 63 64 65 66 67 68 69 70 71 72
14 15 16 17 18 19 20 21 22 23 24 25 26 28 29 30 31 32 33 34 35 36 37 38 39 40 41 42 43 44 45 46 47 48 49 50 52 53 54 55 56 57 58 59 60 61 62 63 64 65 66 67 68 69 70 71 73 74
16 17 18 19 20 21 22 23 25 26 27 28 29 30 31 32 33 34 35 36 37 38 39 40 41 42 43 44 46 47 48 49 50 51 52 53 54 55 56 57 58 59 60 61 62 63 65 66 67 68 69 70 71 72 73 74 75
18 19 20 22 23 24 25 26 27 28 29 30 31 32 33 34 35 36 37 38 39 41 42 43 44 45 46 47 48 49 50 51 52 53 54 55 56 58 59 60 61 62 63 64 65 66 67 68 69 70 71 72 74 75 76 77
21 22 23 24 25 26 27 28 29 30 31 32 33 34 35 37 38 39 40 41 42 43 44 45 46 47 48 49 50 51 53 54 55 56 57 58 59 60 61 62 63 64 65 66 68 69 70 71 72 73 74 75 76 77 78
23 24 25 26 27 28 29 30 31 32 34 35 36 37 38 39 40 41 42 43 44 45 46 47 49 50 51 52 53 54 55 56 57 58 59 60 62 63 64 65 66 67 68 69 70 71 72 73 75 76 77 78 79 80
25 26 27 28 29 31 32 33 34 35 36 37 38 39 40 41 42 43 45 46 47 48 49 50 51 52 53 54 55 56 58 59 60 61 62 63 64 65 66 67 68 70 71 72 73 74 75 76 77 78 79 81 82
27 29 30 31 32 33 34 35 36 37 38 39 40 42 43 44 45 46 47 48 49 50 51 52 54 55 56 57 58 59 60 61 62 63 65 66 67 68 69 70 71 72 73 74 76 77 78 79 80 81 82 83
30 31 32 33 34 35 36 37 39 40 41 42 43 44 45 46 47 48 50 51 52 53 54 55 56 57 58 59 61 62 63 64 65 66 67 68 69 71 72 73 74 75 76 77 78 79 81 82 83 84 85
32 33 34 35 37 38 39 40 41 42 43 44 45 47 48 49 50 51 52 53 54 55 57 58 59 60 61 62 63 64 65 67 68 69 70 71 72 73 74 76 77 78 79 80 81 82 83 85 86 87
35 36 37 38 39 40 41 42 43 45 46 47 48 49 50 51 52 54 55 56 57 58 59 60 61 63 64 65 66 67 68 69 70 72 73 74 75 76 77 78 79 81 82 83 84 85 86 87 89
37 38 39 40 42 43 44 45 46 47 48 49 51 52 53 54 55 56 57 58 60 61 62 63 64 65 66 68 69 70 71 72 73 74 75 77 78 79 80 81 82 84 85 86 87 88 89 90
40 41 42 43 44 45 46 47 49 50 51 52 53 54 55 57 58 59 60 61 62 63 65 66 67 68 69 70 71 73 74 75 76 77 78 80 81 82 83 84 85 86 88 89 90 91 92
42 43 44 46 47 48 49 50 51 52 54 55 56 57 58 59 60 62 63 64 65 66 67 68 70 71 72 73 74 75 77 78 79 80 81 82 84 85 86 87 88 89 91 92 93 94
45 46 47 48 49 50 52 53 54 55 56 57 59 60 61 62 63 64 65 67 68 69 70 71 72 74 75 76 77 78 80 81 82 83 84 85 87 88 89 90 91 93 94 95 96
47 48 50 51 52 53 54 55 57 58 59 60 61 62 64 65 66 67 68 69 71 72 73 74 75 77 78 79 80 81 83 84 85 86 87 88 90 91 92 93 94 96 97 98
50 51 52 53 55 56 57 58 59 61 62 63 64 65 66 68 69 70 71 72 74 75 76 77 78 80 81 82 83 84 86 87 88 89 90 92 93 94 95 96 98 99 100
53 54 55 56 57 59 60 61 62 63 65 66 67 68 69 71 72 73 74 75 77 78 79 80 81 83 84 85 86 87 89 90 91 92 94 95 96 97 98 100 101 102
55 57 58 59 60 61 63 64 65 66 67 69 70 71 72 73 75 76 77 78 80 81 82 83 84 86 87 88 89 91 92 93 94 96 97 98 99 101 102 103 104
58 59 61 62 63 64 66 67 68 69 70 72 73 74 75 77 78 79 80 81 83 84 85 86 88 89 90 91 93 94 95 96 98 99 100 101 103 104 105 106
61 62 64 65 66 67 68 70 71 72 73 75 76 77 78 80 81 82 83 85 86 87 88 90 91 92 93 95 96 97 98 100 101 102 104 105 106 107 109
64 65 67 68 69 70 71 73 74 75 76 78 79 80 82 83 84 85 87 88 89 90 92 93 94 95 97 98 99 101 102 103 104 106 107 108 110 111
67 68 70 71 72 73 75 76 77 78 80 81 82 83 85 86 87 89 90 91 92 94 95 96 98 99 100 101 103 104 105 107 108 109 111 112 113
70 71 73 74 75 76 78 79 80 82 83 84 85 87 88 89 91 92 93 94 96 97 98 100 101 102 104 105 106 108 109 110 112 113 114 116
73 75 76 77 78 80 81 82 84 85 86 87 89 90 91 93 94 95 97 98 99 101 102 103 105 106 107 109 110 111 113 114 115 117 118
76 78 79 80 82 83 84 86 87 88 90 91 92 94 95 96 98 99 100 102 103 104 106 107 108 110 111 112 114 115 116 118 119 121
80 81 82 84 85 86 88 89 90 92 93 94 96 97 98 100 101 102 104 105 107 108 109 111 112 113 115 116 118 119 120 122 123
83 84 86 87 88 90 91 92 94 95 97 98 99 101 102 103 105 106 108 109 110 112 113 115 116 117 119 120 122 123 124 126
86 88 89 91 92 93 95 96 97 99 100 102 103 104 106 107 109 110 111 113 114 116 117 119 120 121 123 124 126 127 129
70 71 72 73 74 75 76 100 101 103 104 105 107 108 110 111 113 114 115 117 118 120 121 123 124 126 127 128 130 131
94 95 96 98 99 101 102 104 105 106 108 109 111 112 114 115 117 118 119 121 122 124 125 127 128 130 131 133 134
75 76 77 78 79 80 81 82 83 84 112 113 115 116 118 119 121 122 124 125 127 128 130 131 133 134 136 137
101 103 104 106 107 109 110 112 113 115 116 118 119 121 122 124 125 127 128 130 131 133 134 136 137 139 141
79 80 81 82 83 113 114 116 117 119 120 122 123 125 126 128 130 131 133 134 136 137 139 141 142 144
80 81 82 83 84 85 86 87 88 89 125 126 128 129 131 133 134 136 137 139 141 142 144 146 147
114 115 117 118 120 121 123 125 126 128 129 131 133 134 136 137 139 141 142 144 146 147 149 151
84 85 86 87 88 89 90 91 92 93 94 95 96 97 141 142 144 146 147 149 151 153 154
123 124 126 127 129 131 132 134 136 137 139 141 142 144 146 148 149 151 153 155 156 158
88 89 90 91 92 93 94 95 96 97 98 99 100 101 151 153 155 157 158 160 162
132 134 136 137 139 141 143 144 146 148 150 152 153 155 157 159 161 163 164 166
93 94 95 96 97 98 99 100 101 102 103 157 159 161 163 165 167 169 170
95 96 97 98 99 100 154 156 158 160 162 164 165 167 169 170 -1 74
149 150 152 154 156 158 160 162 164 166 168 170 -1 95 96 97 98
98 99 100 101 102 103 104 105 106 107 170 -1 98 99 100 101
161 163 165 167 169 170 -1 93 94 95 96 97 98 99 100
102 103 104 105 106 107 108 109 110 111 112 170 -1 94
170 -1 77 81 85 170 -1 170 -1 170 -1 83 85
106 107 108 109 110 111 112 113 114 115 116 117
170 -1 170 -1 170 -1 170 -1 170 -1 80
110 111 112 113 114 115 116 117 118 119
170 -1 170 -1 170 -1 170 -1 170
114 115 116 117 118 119 120 121
120 121 122 123 124 126 127
170 -1 85 87 88 89
120 121 122 123 124
170 -1 75 76
124 125 126
151 152
128